1344 0 4
1351 0 4
1317 0 4
1538 0 4
1398 0 4
1599 0 4
1118 0 4
930 0 4
2276 0 4
1090 0 4
2183 0 4
1872 0 4
2212 0 4
1188 0 4
1660 0 4
2080 0 4
1807 0 4
1648 0 4
1653 0 4
432 0 4
1363 0 4
1863 0 4
1851 0 4
1371 0 4
2109 0 4
1430 0 4
1649 0 4
2224 0 4
711 0 4
1329 0 4
1830 0 4
2177 0 4
1535 0 4
1781 0 4
1659 0 4
1458 0 4
1849 0 4
623 0 4
1869 0 4
1189 0 4
1962 0 4
2177 0 9
2175 0 9
1327 0 9
1282 0 9
1287 0 9
2188 0 9
1385 0 9
711 0 9
1644 0 9
1709 0 9
1834 0 9
2148 0 9
2081 0 9
1689 0 9
1654 0 9
2230 0 9
1680 0 9
1550 0 9
1848 0 9
1863 0 9
1635 0 9
1113 0 9
1400 0 9
1746 0 9
857 0 9
1473 0 9
1827 0 9
1118 0 9
768 0 9
1919 0 9
1574 0 9
1351 0 9
1850 0 9
1357 0 9
1191 0 9
1868 0 9
1661 0 9
1330 0 9
1437 0 9
2178 0 9
876 0 9
1381 0 9
1512 0 9
1379 0 9
1364 0 9
2266 0 9
2150 0 9
2157 0 9
2221 0 14
2085 0 14
1304 0 14
1280 0 14
2286 0 14
2004 0 14
922 0 14
1470 0 14
1310 0 14
1654 0 14
1315 0 14
1249 0 14
1536 0 14
1834 0 14
1773 0 14
1861 0 14
1260 0 14
1471 0 14
857 0 14
1289 0 14
1533 0 14
1113 0 14
1472 0 14
539 0 14
827 0 14
1686 0 14
1350 0 14
1644 0 14
2060 0 14
966 0 14
2187 0 14
1183 0 14
1263 0 14
1550 0 14
248 0 14
1377 0 14
1905 0 14
1283 0 14
571 0 14
1120 0 14
2074 0 14
1534 0 14
1838 0 14
1521 0 14
143 0 19
1528 0 19
1951 0 19
2074 0 19
2150 0 19
1775 0 19
1058 0 19
1777 0 19
1294 0 19
1312 0 19
1967 0 19
1050 0 19
1859 0 19
1512 0 19
88 0 19
165 0 19
926 0 19
1168 0 19
891 0 19
307 0 19
1830 0 19
1131 0 19
1133 0 19
1489 0 19
1357 0 19
1556 0 19
1315 0 19
1290 0 19
1435 0 19
1283 0 19
930 0 19
1132 0 19
1170 0 19
853 0 19
1644 0 19
1051 0 19
1286 0 19
826 0 19
1785 0 19
940 0 19
1204 0 19
1123 0 19
1246 0 19
1011 0 19
1248 0 19
209 0 19
2199 0 19
1514 0 19
1259 0 19
1360 0 19
1253 0 19
1012 0 19
1047 0 19
1511 0 19
1415 0 19
1815 0 19
1969 0 19
1134 0 19
1152 0 24
1631 0 24
950 0 24
349 0 24
1653 0 24
1116 0 24
1021 0 24
1819 0 24
952 0 24
1585 0 24
2001 0 24
307 0 24
1607 0 24
1273 0 24
1650 0 24
1636 0 24
136 0 24
1113 0 24
732 0 24
1029 0 24
1763 0 24
2019 0 24
1117 0 24
1280 0 24
1132 0 24
2247 0 24
1967 0 24
532 0 24
1507 0 24
928 0 24
1159 0 24
1051 0 24
1262 0 24
1510 0 24
513 0 24
1248 0 24
1281 0 24
1324 0 24
1506 0 24
1320 0 24
880 0 24
1859 0 24
1956 0 29
579 0 29
763 0 29
522 0 29
1923 0 29
919 0 29
1878 0 29
77 0 29
114 0 29
758 0 29
851 0 29
627 0 29
916 0 29
765 0 29
760 0 29
1823 0 29
2054 0 29
998 0 29
768 0 29
342 0 29
774 0 29
1113 0 29
1281 0 29
1644 0 29
732 0 29
1045 0 29
487 0 29
985 0 29
1965 0 29
370 0 29
833 0 29
1504 0 29
772 0 29
1952 0 29
1967 0 29
1244 0 29
923 0 29
929 0 29
2150 0 29
1819 0 29
1607 0 29
1248 0 29
136 0 29
1950 0 29
616 0 29
504 0 29
1821 0 29
1155 0 29
1232 0 29
631 0 29
1051 0 29
945 0 29
1525 0 29
498 0 29
1163 0 29
2177 0 29
1156 0 29
513 0 29
925 0 29
1453 0 29
895 0 29
2130 0 29
1945 0 29
1032 0 34
840 0 34
938 0 34
527 0 34
1290 0 34
1453 0 34
828 0 34
1446 0 34
401 0 34
1114 0 34
747 0 34
300 0 34
1146 0 34
848 0 34
1870 0 34
1112 0 34
607 0 34
1841 0 34
1929 0 34
1113 0 34
136 0 34
253 0 34
1661 0 34
989 0 34
1819 0 34
1814 0 34
902 0 34
653 0 34
1049 0 34
1789 0 34
1292 0 34
1488 0 34
1742 0 34
1535 0 34
1043 0 34
809 0 34
1279 0 34
1325 0 34
1950 0 34
741 0 34
1268 0 34
656 0 34
1640 0 34
2054 0 34
1853 0 34
1906 0 34
1939 0 34
1080 0 39
749 0 39
1790 0 39
1007 0 39
573 0 39
603 0 39
977 0 39
1987 0 39
1774 0 39
136 0 39
1344 0 39
541 0 39
740 0 39
1225 0 39
611 0 39
1597 0 39
1413 0 39
978 0 39
2311 0 39
1074 0 39
1660 0 39
1829 0 39
750 0 39
989 0 39
1465 0 39
609 0 39
857 0 39
551 0 39
958 0 39
1082 0 39
1162 0 39
2005 0 39
1502 0 39
112 0 39
910 0 39
1148 0 39
1051 0 39
1686 0 39
513 0 39
311 0 39
542 0 39
1065 0 44
1765 0 44
906 0 44
1194 0 44
1071 0 44
715 0 44
998 0 44
1234 0 44
270 0 44
1141 0 44
927 0 44
1620 0 44
1113 0 44
885 0 44
989 0 44
627 0 44
1830 0 44
1050 0 44
1510 0 44
855 0 44
667 0 44
817 0 44
743 0 44
737 0 44
509 0 44
903 0 44
73 0 44
136 0 44
1789 0 44
1146 0 44
165 0 44
433 0 44
22 0 44
1156 0 44
400 0 44
907 0 44
824 0 44
679 0 44
1484 0 44
1551 0 44
475 0 44
1027 0 44
1774 0 44
1147 0 44
498 0 44
969 0 44
2203 0 44
1272 0 44
597 0 49
2280 0 49
791 0 49
385 0 49
664 0 49
78 0 49
600 0 49
323 0 49
1237 0 49
732 0 49
20 0 49
1915 0 49
866 0 49
1064 0 49
1480 0 49
513 0 49
1332 0 49
828 0 49
782 0 49
977 0 49
846 0 49
2298 0 49
88 0 49
611 0 49
136 0 49
1598 0 49
2365 0 49
203 0 49
927 0 49
684 0 49
901 0 49
989 0 49
1156 0 49
1506 0 49
683 0 49
1235 0 49
737 0 49
613 0 49
378 0 49
678 0 49
945 0 49
783 0 49
994 0 49
601 0 54
594 0 54
547 0 54
819 0 54
1881 0 54
459 0 54
801 0 54
1269 0 54
430 0 54
742 0 54
700 0 54
90 0 54
855 0 54
203 0 54
1146 0 54
509 0 54
1089 0 54
1614 0 54
440 0 54
1596 0 54
1065 0 54
939 0 54
1319 0 54
692 0 54
754 0 54
22 0 54
1942 0 54
786 0 54
1501 0 54
115 0 54
1156 0 54
2184 0 54
331 0 54
348 0 54
1828 0 54
546 0 54
782 0 54
273 0 54
599 0 54
1948 0 54
1668 0 54
107 0 54
595 0 54
1272 0 54
1466 0 54
1636 0 54
253 0 54
542 0 54
608 0 54
117 0 54
884 0 54
30 0 54
101 0 54
690 0 59
893 0 59
1567 0 59
836 0 59
782 0 59
334 0 59
258 0 59
469 0 59
806 0 59
102 0 59
1109 0 59
682 0 59
752 0 59
1803 0 59
544 0 59
1763 0 59
686 0 59
497 0 59
472 0 59
325 0 59
195 0 59
465 0 59
1399 0 59
460 0 59
904 0 59
819 0 59
687 0 59
1061 0 59
136 0 59
348 0 59
385 0 59
636 0 59
683 0 59
541 0 59
365 0 59
815 0 59
596 0 59
838 0 59
376 0 59
586 0 59
430 0 59
369 0 59
1499 0 59
288 0 59
1129 0 59
663 0 59
1174 0 59
1544 0 59
537 0 59
559 0 59
896 0 59
381 0 59
720 0 59
1102 0 59
1193 0 59
854 0 59
509 0 59
851 0 59
685 0 59
415 0 59
1063 0 59
741 0 59
341 0 64
1867 0 64
461 0 64
626 0 64
594 0 64
260 0 64
472 0 64
245 0 64
486 0 64
46 0 64
731 0 64
1881 0 64
754 0 64
336 0 64
325 0 64
890 0 64
884 0 64
1822 0 64
696 0 64
1797 0 64
1796 0 64
1270 0 64
1109 0 64
611 0 64
819 0 64
438 0 64
989 0 64
991 0 64
136 0 64
1465 0 64
927 0 64
1747 0 64
381 0 64
568 0 64
288 0 64
1226 0 64
868 0 64
1234 0 64
1008 0 64
595 0 64
743 0 64
524 0 64
821 0 64
628 0 64
691 0 64
378 0 64
509 0 64
428 0 64
469 0 64
587 0 64
758 0 64
931 0 64
28 0 64
1611 0 64
2308 0 64
258 0 64
983 0 64
430 0 64
664 0 64
757 0 64
698 0 64
365 0 64
686 0 64
2284 0 64
375 0 64
1483 0 64
279 0 64
1175 0 64
1118 0 64
1668 0 64
1229 0 64
373 0 64
1483 0 69
962 0 69
1459 0 69
614 0 69
461 0 69
119 0 69
696 0 69
1018 0 69
1946 0 69
485 0 69
609 0 69
2020 0 69
411 0 69
615 0 69
799 0 69
628 0 69
538 0 69
601 0 69
100 0 69
373 0 69
40 0 69
187 0 69
200 0 69
769 0 69
203 0 69
603 0 69
303 0 69
380 0 69
381 0 69
469 0 69
486 0 69
1225 0 69
1626 0 69
1312 0 69
202 0 69
110 0 69
537 0 69
1223 0 69
526 0 69
92 0 69
989 0 69
340 0 69
87 0 69
737 0 69
1015 0 69
1009 0 69
587 0 69
287 0 69
378 0 69
438 0 69
323 0 69
1113 0 69
504 0 69
890 0 69
27 0 69
540 0 69
136 0 69
551 0 69
375 0 69
490 0 69
475 0 69
1069 0 69
102 0 69
1226 0 69
349 0 69
1823 0 69
592 0 69
1109 0 69
1814 0 69
789 0 69
15 0 69
516 0 69
369 0 69
1499 0 69
1623 0 69
868 0 69
365 0 69
586 0 69
93 0 69
1827 0 69
1478 0 74
135 0 74
665 0 74
860 0 74
1 0 74
591 0 74
1944 0 74
1226 0 74
995 0 74
994 0 74
640 0 74
136 0 74
110 0 74
611 0 74
737 0 74
1109 0 74
1113 0 74
438 0 74
138 0 74
412 0 74
614 0 74
13 0 74
552 0 74
804 0 74
472 0 74
886 0 74
399 0 74
890 0 74
655 0 74
719 0 74
989 0 74
335 0 74
613 0 74
95 0 74
454 0 74
303 0 74
1034 0 74
365 0 74
324 0 74
1269 0 74
201 0 74
137 0 74
170 0 74
100 0 74
787 0 74
1279 0 74
36 0 74
618 0 74
1816 0 74
117 0 74
947 0 74
165 0 74
631 0 74
674 0 74
310 0 79
553 0 79
518 0 79
555 0 79
368 0 79
359 0 79
635 0 79
716 0 79
567 0 79
637 0 79
226 0 79
669 0 79
195 0 79
13 0 79
314 0 79
99 0 79
52 0 79
473 0 79
959 0 79
570 0 79
945 0 79
1109 0 79
601 0 79
534 0 79
603 0 79
302 0 79
1114 0 79
136 0 79
284 0 79
1270 0 79
583 0 79
676 0 79
47 0 79
381 0 79
461 0 79
419 0 79
1034 0 79
572 0 79
1816 0 79
1072 0 79
361 0 79
293 0 79
529 0 79
1358 0 79
549 0 79
904 0 79
535 0 79
88 0 79
291 0 79
17 0 79
2203 0 79
24 0 79
444 0 84
317 0 84
39 0 84
390 0 84
995 0 84
462 0 84
236 0 84
228 0 84
490 0 84
328 0 84
97 0 84
1114 0 84
450 0 84
1740 0 84
136 0 84
29 0 84
1109 0 84
556 0 84
307 0 84
1616 0 84
1 0 84
1569 0 84
82 0 84
495 0 84
489 0 84
281 0 84
673 0 84
139 0 84
313 0 84
315 0 84
200 0 84
101 0 84
324 0 84
299 0 84
377 0 84
570 0 84
164 0 84
1061 0 84
323 0 84
396 0 89
1914 0 89
1912 0 89
514 0 89
478 0 89
187 0 89
248 0 89
484 0 89
1125 0 89
79 0 89
99 0 89
84 0 89
955 0 89
190 0 89
663 0 89
989 0 89
481 0 89
88 0 89
1109 0 89
188 0 89
438 0 89
541 0 89
642 0 89
454 0 89
444 0 89
386 0 89
323 0 89
426 0 89
277 0 89
1239 0 89
274 0 89
1465 0 89
493 0 89
325 0 89
30 0 89
129 0 89
41 0 89
480 0 89
313 0 89
672 0 89
242 0 89
108 0 89
64 0 89
1944 0 89
353 0 89
358 0 89
467 0 89
94 0 89
306 0 89
888 0 89
585 0 89
104 0 89
401 0 89
176 0 94
639 0 94
801 0 94
1145 0 94
397 0 94
158 0 94
1495 0 94
214 0 94
248 0 94
1109 0 94
6 0 94
52 0 94
200 0 94
129 0 94
434 0 94
35 0 94
1101 0 94
228 0 94
660 0 94
155 0 94
421 0 94
136 0 94
339 0 94
273 0 94
489 0 94
858 0 94
752 0 94
444 0 94
212 0 94
89 0 94
2036 0 94
861 0 94
381 0 94
11 0 94
164 0 94
423 0 94
251 0 94
653 0 94
960 0 94
455 0 94
318 0 94
252 0 94
389 0 94
310 0 94
702 0 94
890 0 94
1015 0 94
1491 0 94
478 0 94
495 0 94
583 0 94
62 0 94
1490 0 94
645 0 94
1116 0 94
1614 0 94
210 0 94
190 0 94
64 0 94
218 0 94
678 0 94
664 0 94
436 0 94
356 0 94
245 0 99
172 0 99
628 0 99
40 0 99
6 0 99
21 0 99
223 0 99
562 0 99
186 0 99
264 0 99
89 0 99
9 0 99
325 0 99
212 0 99
200 0 99
190 0 99
294 0 99
541 0 99
907 0 99
138 0 99
1109 0 99
204 0 99
205 0 99
250 0 99
1194 0 99
211 0 99
259 0 99
641 0 99
1463 0 99
313 0 99
785 0 99
129 0 99
486 0 99
744 0 99
49 0 99
890 0 99
418 0 99
1946 0 99
484 0 99
1139 0 99
349 0 99
321 0 99
194 0 99
316 0 99
2030 0 99
30 0 99
655 0 99
307 0 99
232 0 99
1915 0 99
1127 0 104
6 0 104
349 0 104
1477 0 104
202 0 104
248 0 104
144 0 104
249 0 104
90 0 104
1493 0 104
165 0 104
52 0 104
1461 0 104
164 0 104
49 0 104
35 0 104
211 0 104
1944 0 104
460 0 104
79 0 104
989 0 104
438 0 104
33 0 104
237 0 104
307 0 104
136 0 104
148 0 104
659 0 104
129 0 104
484 0 104
9 0 104
447 0 104
728 0 104
156 0 104
212 0 104
259 0 104
731 0 104
801 0 104
149 0 104
481 0 104
708 0 104
73 0 104
981 0 104
190 0 104
476 0 104
521 0 104
3 0 109
224 0 109
709 0 109
59 0 109
248 0 109
706 0 109
258 0 109
185 0 109
864 0 109
345 0 109
677 0 109
135 0 109
717 0 109
75 0 109
149 0 109
182 0 109
153 0 109
1766 0 109
1238 0 109
890 0 109
1937 0 109
509 0 109
141 0 109
1221 0 109
199 0 109
49 0 109
349 0 109
1913 0 109
4 0 109
136 0 109
35 0 109
275 0 109
1240 0 109
89 0 109
62 0 109
82 0 109
1218 0 109
180 0 109
129 0 109
236 0 109
225 0 109
66 0 109
188 0 109
536 0 109
58 0 109
447 0 109
454 0 109
627 0 109
801 0 109
86 0 109
558 0 109
158 0 109
249 0 109
385 0 109
24 0 109
238 0 109
9 0 109
1 0 109
1598 0 109
173 0 109
63 0 114
801 0 114
145 0 114
60 0 114
76 0 114
1493 0 114
57 0 114
248 0 114
172 0 114
156 0 114
281 0 114
131 0 114
147 0 114
184 0 114
8 0 114
214 0 114
82 0 114
722 0 114
1225 0 114
115 0 114
126 0 114
7 0 114
291 0 114
557 0 114
862 0 114
463 0 114
536 0 114
223 0 114
130 0 114
349 0 114
211 0 114
1100 0 114
154 0 114
188 0 114
124 0 114
255 0 114
1569 0 114
257 0 114
216 0 114
702 0 114
1109 0 114
136 0 114
66 0 114
1913 0 114
706 0 114
182 0 114
62 0 114
307 0 114
138 0 114
700 0 114
52 0 114
160 0 114
190 0 114
77 0 114
181 0 114
1388 1 4
1377 1 4
201 1 4
654 1 4
1354 1 4
1746 1 4
632 1 4
1043 1 4
1576 1 4
1150 1 4
1758 1 4
209 1 4
1375 1 4
1453 1 4
1185 1 4
1381 1 4
1437 1 4
1110 1 4
1550 1 4
1644 1 4
1252 1 4
2167 1 4
1581 1 4
1348 1 4
1345 1 4
1435 1 4
931 1 4
1123 1 4
1650 1 4
1472 1 4
1353 1 4
1225 1 4
1241 1 4
1186 1 4
1578 1 4
1373 1 4
401 1 4
1861 1 4
1258 1 4
327 1 4
1342 1 4
1815 1 4
1199 1 4
2082 1 4
616 1 4
1396 1 4
1022 1 4
1579 1 4
1055 1 4
1755 1 9
1149 1 9
1579 1 9
1760 1 9
2135 1 9
596 1 9
1344 1 9
654 1 9
1123 1 9
432 1 9
1337 1 9
1472 1 9
1435 1 9
1645 1 9
2074 1 9
1333 1 9
2155 1 9
1258 1 9
1342 1 9
1675 1 9
1375 1 9
2282 1 9
1252 1 9
1183 1 9
1345 1 9
667 1 9
1376 1 9
1311 1 14
1848 1 14
513 1 14
401 1 14
1453 1 14
1312 1 14
1049 1 14
1321 1 14
1884 1 14
1398 1 14
1573 1 14
201 1 14
1123 1 14
1344 1 14
1028 1 14
2094 1 14
933 1 14
1336 1 14
1650 1 14
1149 1 14
1329 1 14
168 1 14
1318 1 14
717 1 14
307 1 14
817 1 14
1182 1 14
1165 1 14
794 1 14
1258 1 14
1122 1 14
1331 1 14
1354 1 14
253 1 14
1455 1 14
1588 1 19
1052 1 19
248 1 19
1301 1 19
1513 1 19
902 1 19
1344 1 19
470 1 19
1517 1 19
1041 1 19
827 1 19
245 1 19
1350 1 19
1042 1 19
253 1 19
2316 1 19
1247 1 19
1225 1 19
817 1 19
778 1 19
1156 1 19
928 1 19
794 1 19
1586 1 19
2065 1 19
1299 1 19
579 1 24
248 1 24
1637 1 24
1508 1 24
930 1 24
794 1 24
1171 1 24
1294 1 24
1121 1 24
1249 1 24
2316 1 24
951 1 24
1960 1 24
1119 1 24
966 1 24
1972 1 24
1161 1 24
1344 1 24
1920 1 24
1959 1 24
1584 1 24
2346 1 24
1305 1 24
1246 1 24
1259 1 24
209 1 24
1050 1 24
1225 1 24
1742 1 24
143 1 29
248 1 29
1116 1 29
936 1 29
800 1 29
933 1 29
1585 1 29
2152 1 29
775 1 29
88 1 29
817 1 29
1312 1 29
757 1 29
950 1 29
1354 1 29
1631 1 29
1024 1 29
1053 1 29
2316 1 29
1953 1 29
1154 1 29
1924 1 29
842 1 29
769 1 29
654 1 29
943 1 29
1171 1 29
201 1 29
1114 1 29
749 1 29
401 1 29
924 1 29
917 1 29
1584 1 29
1021 1 29
930 1 29
1841 1 29
1793 1 34
927 1 34
1784 1 34
1038 1 34
800 1 34
868 1 34
248 1 34
1064 1 34
1949 1 34
761 1 34
933 1 34
627 1 34
1502 1 34
835 1 34
1051 1 34
1812 1 34
1258 1 34
745 1 34
742 1 34
855 1 34
1024 1 34
603 1 34
814 1 34
115 1 34
1248 1 34
1243 1 34
1504 1 34
1609 1 34
738 1 34
565 1 34
824 1 39
400 1 39
613 1 39
742 1 39
905 1 39
801 1 39
748 1 39
116 1 39
1113 1 39
1077 1 39
855 1 39
88 1 39
73 1 39
248 1 39
1084 1 39
502 1 39
739 1 39
627 1 39
1079 1 39
680 1 39
559 1 39
787 1 39
527 1 39
1603 1 39
248 1 44
801 1 44
1481 1 44
135 1 44
759 1 44
1545 1 44
815 1 44
570 1 44
1467 1 44
1064 1 44
1040 1 44
559 1 44
1066 1 44
1465 1 44
1072 1 44
1942 1 44
939 1 44
787 1 44
350 1 44
388 1 44
751 1 44
116 1 44
840 1 44
1998 1 44
1070 1 44
742 1 44
1482 1 44
248 1 49
135 1 49
1172 1 49
2308 1 49
718 1 49
819 1 49
1103 1 49
568 1 49
115 1 49
222 1 49
794 1 49
607 1 49
904 1 49
114 1 49
492 1 49
440 1 49
468 1 49
830 1 49
311 1 49
1612 1 49
797 1 49
529 1 49
448 1 49
769 1 49
785 1 49
1948 1 49
814 1 49
976 1 49
135 1 54
696 1 54
618 1 54
813 1 54
570 1 54
607 1 54
790 1 54
1225 1 54
1805 1 54
463 1 54
578 1 54
287 1 54
248 1 54
568 1 54
465 1 54
1603 1 54
994 1 54
429 1 54
551 1 54
589 1 54
579 1 54
114 1 54
733 1 54
349 1 54
737 1 54
780 1 54
458 1 54
1172 1 54
898 1 54
1018 1 54
976 1 54
604 1 54
559 1 54
694 1 54
323 1 54
995 1 54
320 1 54
1480 1 54
1018 1 59
101 1 59
547 1 59
984 1 59
1481 1 59
1881 1 59
248 1 59
688 1 59
598 1 59
200 1 59
499 1 59
1234 1 59
88 1 59
401 1 59
1541 1 59
30 1 59
976 1 59
467 1 59
322 1 59
378 1 59
657 1 59
1795 1 59
868 1 59
544 1 64
337 1 64
1481 1 64
338 1 64
192 1 64
442 1 64
2052 1 64
135 1 64
752 1 64
1499 1 64
618 1 64
627 1 64
424 1 64
685 1 64
807 1 64
248 1 64
377 1 64
200 1 64
499 1 64
21 1 64
680 1 64
327 1 64
417 1 64
101 1 64
547 1 64
490 1 64
806 1 64
429 1 64
391 1 64
333 1 64
400 1 64
1500 1 64
629 1 64
690 1 64
859 1 64
465 1 64
607 1 64
1798 1 64
1225 1 64
740 1 64
889 1 64
721 1 69
327 1 69
248 1 69
13 1 69
2085 1 69
165 1 69
21 1 69
109 1 69
192 1 69
957 1 69
871 1 69
884 1 69
1269 1 69
525 1 69
46 1 69
143 1 69
302 1 69
697 1 69
1086 1 69
376 1 69
892 1 69
391 1 69
101 1 69
620 1 69
544 1 69
2 1 69
335 1 69
1500 1 69
404 1 69
524 1 69
377 1 69
104 1 69
338 1 69
698 1 69
595 1 69
245 1 69
627 1 69
108 1 69
463 1 69
12 1 69
828 1 69
870 1 69
329 1 69
465 1 69
814 1 69
95 1 69
334 1 69
995 1 69
258 1 69
626 1 69
740 1 69
889 1 69
441 1 69
1813 1 69
321 1 69
819 1 69
461 1 74
605 1 74
101 1 74
16 1 74
585 1 74
108 1 74
248 1 74
377 1 74
780 1 74
50 1 74
601 1 74
189 1 74
465 1 74
98 1 74
1003 1 74
1740 1 74
1459 1 74
245 1 74
411 1 74
404 1 74
1223 1 74
528 1 74
321 1 74
435 1 74
657 1 74
654 1 74
258 1 74
410 1 74
46 1 74
413 1 74
49 1 74
583 1 74
1108 1 74
530 1 74
48 1 74
327 1 74
52 1 74
12 1 74
717 1 74
1616 1 74
1483 1 74
1615 1 74
716 1 74
326 1 74
450 1 79
137 1 79
574 1 79
2 1 79
454 1 79
248 1 79
576 1 79
26 1 79
465 1 79
108 1 79
422 1 79
258 1 79
404 1 79
35 1 79
64 1 79
556 1 79
200 1 79
308 1 79
155 1 79
664 1 79
780 1 79
528 1 79
165 1 79
409 1 79
46 1 79
242 1 79
318 1 79
402 1 79
1944 1 79
187 1 79
628 1 79
466 1 79
116 1 79
82 1 79
947 1 79
38 1 79
883 1 79
281 1 79
377 1 79
50 1 79
399 1 79
100 1 79
658 1 79
16 1 79
312 1 79
530 1 79
655 1 79
362 1 79
349 1 79
15 1 79
37 1 79
364 1 79
95 1 79
410 1 79
117 1 79
13 1 84
453 1 84
471 1 84
258 1 84
404 1 84
515 1 84
159 1 84
25 1 84
402 1 84
1222 1 84
24 1 84
248 1 84
954 1 84
496 1 84
312 1 84
553 1 84
1912 1 84
445 1 84
488 1 84
309 1 84
368 1 84
289 1 84
461 1 84
310 1 84
50 1 84
314 1 84
26 1 84
408 1 84
939 1 84
46 1 84
627 1 84
202 1 84
108 1 84
473 1 84
499 1 84
276 1 84
894 1 84
451 1 89
16 1 89
639 1 89
281 1 89
142 1 89
423 1 89
553 1 89
135 1 89
299 1 89
1222 1 89
321 1 89
280 1 89
335 1 89
258 1 89
279 1 89
465 1 89
171 1 89
515 1 89
488 1 89
17 1 89
147 1 89
35 1 89
473 1 89
226 1 89
404 1 89
13 1 89
400 1 89
116 1 89
310 1 89
536 1 89
410 1 89
326 1 89
461 1 89
435 1 89
1220 1 89
1225 1 89
960 1 89
424 1 89
97 1 89
46 1 89
877 1 89
259 1 89
420 1 89
40 1 89
12 1 89
1139 1 89
982 1 89
171 1 94
1743 1 94
384 1 94
281 1 94
1483 1 94
1494 1 94
465 1 94
7 1 94
280 1 94
142 1 94
184 1 94
696 1 94
180 1 94
13 1 94
477 1 94
456 1 94
274 1 94
473 1 94
165 1 94
187 1 94
259 1 94
579 1 94
628 1 94
358 1 94
454 1 94
233 1 94
40 1 94
28 1 94
26 1 94
404 1 94
276 1 94
349 1 94
84 1 94
222 1 94
258 1 94
50 1 94
24 1 94
16 1 94
387 1 94
217 1 94
88 1 94
945 1 94
135 1 94
299 1 94
12 1 94
220 1 99
274 1 99
142 1 99
180 1 99
248 1 99
553 1 99
176 1 99
12 1 99
236 1 99
84 1 99
501 1 99
280 1 99
231 1 99
561 1 99
865 1 99
715 1 99
659 1 99
465 1 99
207 1 99
10 1 99
565 1 99
359 1 99
960 1 99
306 1 99
478 1 99
295 1 99
137 1 99
1225 1 99
389 1 99
158 1 99
696 1 99
135 1 99
560 1 99
233 1 99
184 1 99
247 1 99
24 1 99
863 1 99
171 1 99
68 1 104
233 1 104
176 1 104
171 1 104
13 1 104
28 1 104
174 1 104
553 1 104
281 1 104
142 1 104
187 1 104
560 1 104
184 1 104
223 1 104
227 1 104
1463 1 104
295 1 104
1109 1 104
306 1 104
172 1 104
465 1 104
261 1 104
182 1 104
299 1 104
455 1 104
26 1 104
423 1 104
236 1 104
183 1 104
84 1 104
188 1 104
258 1 104
205 1 104
264 1 104
515 1 104
229 1 104
162 1 104
15 1 104
654 1 104
569 1 104
10 1 104
228 1 104
1225 1 104
628 1 104
560 1 109
187 1 109
553 1 109
7 1 109
28 1 109
639 1 109
174 1 109
157 1 109
352 1 109
84 1 109
1483 1 109
6 1 109
131 1 109
178 1 109
198 1 109
190 1 109
176 1 109
264 1 109
13 1 109
183 1 109
204 1 109
650 1 109
289 1 109
165 1 109
40 1 109
126 1 109
1142 1 109
465 1 109
825 1 109
565 1 109
670 1 109
161 1 109
288 1 109
177 1 109
211 1 109
310 1 109
422 1 109
306 1 109
1618 1 109
659 1 109
162 1 109
1109 1 109
68 1 109
64 1 109
202 1 109
132 1 109
254 1 109
1461 1 109
67 1 109
1463 1 109
930 1 109
10 1 109
164 1 109
174 1 114
193 1 114
717 1 114
56 1 114
553 1 114
84 1 114
1483 1 114
158 1 114
187 1 114
54 1 114
49 1 114
161 1 114
13 1 114
137 1 114
67 1 114
2 1 114
155 1 114
58 1 114
454 1 114
164 1 114
708 1 114
228 1 114
650 1 114
180 1 114
696 1 114
40 1 114
28 1 114
150 1 114
253 1 114
171 1 114
825 1 114
122 1 114
153 1 114
256 1 114
134 1 114
254 1 114
121 1 114
560 1 114
352 1 114
141 1 114
233 1 114
705 1 114
10 1 114
157 1 114
404 1 114
258 1 114
209 1 114
423 1 114
143 1 114
659 1 114
289 1 114
133 1 114
59 1 114
264 1 114
438 1 114
1766 1 114
163 1 114
140 1 114
231 1 114
142 1 114
176 1 114
477 1 114
169 1 114
306 1 114
731 1 114
