513
746
1085
983
184
674
537
221
1170
1051
1033
820
1209
700
1015
614
1003
150
375
928
569
163
923
272
981
1211
359
729
876
317
1206
589
880
384
874
124
1023
830
318
190
576
720
871
431
409
218
278
492
1034
48
775
1082
864
1038
870
1022
530
1006
544
330
919
564
251
594
881
806
326
99
100
501
462
1050
1102
47
182
896
410
1083
539
281
481
1111
117
446
829
545
162
449
852
824
962
904
897
777
586
956
652
878
892
907
516
1165
95
868
1040
340
1014
175
1046
1039
1031
321
705
1214
1112
386
261
692
107
198
470
708
737
491
627
673
682
1036
1150
385
461
348
73
367
740
1213
226
314
1077
341
119
1048
106
471
578
399
553
724
137
7
1143
44
574
306
954
561
606
396
536
202
862
532
37
670
1093
187
963
660
833
879
36
300
64
988
632
118
732
727
900
178
1191
373
232
623
104
1092
711
254
5
741
192
815
893
377
1181
565
973
103
1089
664
715
283
845
392
903
699
488
215
76
615
500
932
372
236
566
45
307
611
366
1200
499
169
1026
1029
1032
604
759
543
72
1027
591
944
2
58
511
456
1140
714
1142
527
1045
322
529
1066
625
1096
463
1145
148
887
54
546
984
128
754
950
1076
458
329
767
974
114
259
995
587
291
877
821
188
677
275
56
11
866
282
1144
258
969
917
397
679
631
154
127
1107
439
986
8
541
703
605
1004
643
772
485
1177
967
235
303
134
911
568
309
267
1001
31
27
946
1074
847
1116
1075
257
1208
667
142
122
1043
116
371
519
478
863
1124
570
246
968
166
891
965
634
850
745
395
455
205
947
1078
451
812
860
592
526
515
69
626
12
242
92
165
1037
361
731
160
798
608
126
985
243
147
297
579
1136
1018
414
490
612
701
1188
335
495
902
808
1156
506
819
696
467
1207
454
136
598
35
360
435
179
790
170
585
452
771
889
786
427
713
717
1062
858
459
313
1175
996
219
846
1187
655
676
773
601
817
828
961
742
93
913
951
658
1195
312
1197
203
387
144
346
784
171
1071
197
305
21
882
264
929
325
432
1134
176
508
769
602
123
1141
813
389
193
640
311
782
958
749
964
993
688
851
296
629
1080
641
593
780
238
1106
558
510
668
155
358
723
533
9
26
43
583
214
739
1095
223
960
382
46
208
521
918
1067
990
1005
925
279
1052
659
628
999
621
333
505
186
590
331
803
101
57
689
909
211
843
597
24
1070
663
353
411
761
196
1061
1094
343
662
1064
810
1153
867
228
19
111
645
1113
856
588
16
270
610
898
1081
84
687
748
497
364
1164
639
941
1042
1139
584
415
65
1047
785
357
447
493
416
402
141
528
1072
1183
811
487
250
630
695
381
935
149
20
1087
823
15
40
216
63
286
378
1088
82
1123
709
534
355
979
1000
191
678
617
156
247
504
112
328
916
722
120
484
280
562
96
231
945
1133
982
14
1058
930
338
422
173
1171
108
787
795
80
637
302
975
509
1101
1120
1019
789
113
475
388
220
1192
751
832
401
764
273
74
712
800
1202
428
1126
1129
978
793
691
698
888
572
164
244
669
125
1122
213
563
894
599
91
260
13
774
465
936
905
374
818
899
412
976
886
227
71
245
702
18
324
805
59
778
971
1158
607
413
522
494
469
1204
804
1115
730
1024
1007
1127
779
145
831
872
1146
301
55
453
131
61
1002
952
1105
844
791
81
1099
857
1121
253
417
721
434
966
635
94
503
237
1159
672
796
79
507
883
901
390
920
728
842
248
861
910
376
51
520
1117
239
295
865
665
600
443
809
433
78
636
39
524
763
1128
1035
666
980
138
834
450
997
85
906
212
1109
943
680
710
426
840
755
368
22
512
277
159
87
448
1065
200
744
271
915
1097
1068
342
1044
17
549
1084
425
758
1086
408
1021
681
1149
1108
350
921
217
407
68
972
949
1212
25
158
540
98
157
650
444
1025
970
942
233
734
671
690
252
29
992
718
654
957
49
423
430
792
304
189
624
1055
557
1201
884
523
1057
483
477
441
1069
393
1013
97
336
473
644
67
567
445
1184
1193
1157
912
344
60
168
1185
287
265
225
466
496
161
738
276
115
460
105
362
609
167
1148
363
1054
1030
826
603
1012
859
380
1100
42
869
1010
716
1162
274
405
1152
781
613
875
998
647
400
752
1182
1180
1186
177
420
102
256
