23329
3545
1725
36387
26321
14441
18402
7435
38408
38591
13337
31394
42167
12467
21750
7998
4562
1078
29829
38266
36089
37289
4360
24245
39845
31371
29007
19624
31996
32561
29507
21522
14683
34546
17636
19506
19720
13289
34751
7756
26002
39405
40978
26477
38944
9469
38987
11593
19571
19818
17785
32028
38272
10934
13043
36695
26475
27449
49066
23998
26406
16269
6417
14948
16005
44219
12623
22842
3732
19293
40658
36286
19125
46171
39479
35143
808
35259
3321
14268
34046
23279
23231
41815
4517
17012
35478
27272
23844
19277
35185
18959
24160
47898
1555
26503
45623
32233
1958
36290
533
24931
4657
45812
48808
43832
4995
31367
27776
17608
31480
34750
43213
31343
14646
11140
4703
42758
30116
34809
38297
18392
11358
30763
37847
37123
23960
11464
707
46436
23540
45307
47190
26653
31934
33918
28552
21484
18793
21980
15906
13539
41467
41371
46615
28460
14384
21034
24639
42946
31631
12810
29277
30179
7121
18200
924
15481
21183
3928
46654
24331
17774
41852
2129
39070
48762
5583
30111
38177
14187
9052
42523
50511
2661
48234
3751
48583
29026
42590
11865
4573
39973
3208
300
34777
35568
21650
879
34841
37516
36049
7497
15129
305
44943
40522
8000
15733
49043
20953
866
28958
6148
7609
32310
48637
44596
16468
37766
42427
31511
11624
43150
46266
20131
46311
30015
39694
47728
16525
26217
22899
43416
44890
15300
39785
8315
2311
25508
36159
27972
16334
16588
47039
11554
14438
632
33157
10822
43121
7724
26182
18234
19764
24952
30878
24940
25487
29819
31389
40217
50566
3679
21201
40030
11882
47277
25876
27065
29153
22637
10225
38761
12452
17891
15927
25432
41483
31640
31296
15329
3058
3038
22364
32629
27652
28954
6837
32289
9389
3775
2961
16571
11944
3080
42876
20641
33210
11863
46711
38687
1040
3186
17847
43392
20923
30847
4482
6672
33332
41596
43383
49304
36674
6057
3742
35515
42520
9241
41174
44339
35226
11268
39466
46783
20275
45374
31471
11385
39827
13754
4727
14000
8943
33792
1855
46077
5913
25491
31456
11487
18832
10723
43080
17499
33972
45762
24303
11002
49989
22670
32062
2106
15914
27804
48996
33286
46396
35061
49998
19510
6989
9363
31782
32670
6806
16321
10965
26499
13124
48440
49633
22749
3902
39727
23898
43190
47738
34402
27970
48194
8055
10076
7583
42254
2547
39488
40818
26524
7834
42137
26709
39808
11778
35984
8745
11082
48342
21675
44587
9156
48903
37608
49834
13541
1428
16282
49111
45849
41869
22470
3661
6595
33777
771
25463
12173
46958
36826
39844
36418
50278
19976
37540
38749
27273
5430
31101
18576
12595
14931
47568
43584
25470
8911
8045
32141
6635
32434
42340
50247
3885
1563
41107
2000
7636
11391
10309
19093
45158
43464
38983
14277
15843
13040
30474
16333
5873
18904
11661
6993
31852
47883
49773
23988
39946
15847
42317
7711
31159
20891
23528
9164
2892
25860
36822
35281
11607
40576
5557
37230
1648
38344
28286
14120
5369
39062
1352
31523
30237
17719
41470
22837
41209
18413
44360
4465
1115
7821
24078
30431
7201
46173
25048
46356
156
9814
47735
15138
1180
23205
20317
35062
17405
16730
8702
43326
37115
3480
42483
19619
14478
35271
27183
33050
47556
41731
50495
36725
40753
40213
19536
3570
27118
25713
32076
43215
2099
27030
20797
36763
46641
44860
20487
32389
9723
1995
45729
22953
38699
43959
24967
35079
23000
10132
11152
7040
6972
5906
49466
47019
48562
26378
20417
44100
48418
15087
2096
36913
32880
32984
1032
23201
19799
10819
47837
30602
39979
43713
39477
42239
31472
5189
39008
10465
3135
669
48913
37965
3370
12609
40776
34811
11411
6737
5803
34396
10800
44582
20435
1422
15871
35413
16290
24041
5801
23862
31851
42951
48011
5408
50339
25405
45047
26062
42440
17148
2280
11176
20796
22486
38575
26756
41992
26141
28665
11734
11649
16839
12403
42902
31438
11275
45466
10814
695
18764
32913
41553
30527
1692
46223
20948
16787
32089
8642
9734
24829
4812
24600
35979
10037
34569
40628
16732
9306
27867
41923
2366
7919
26339
3502
20042
46558
38515
20187
5210
46270
18833
42430
27858
24925
6644
36470
42482
40302
28081
41762
9561
39706
8707
48965
20038
16641
7099
18502
186
18692
23737
6168
28570
34024
24141
36061
7501
19327
6760
20658
23343
32219
17693
7781
972
32487
11106
25161
46792
830
48085
16940
49063
12456
34861
26943
2973
10015
5650
24774
1598
28306
16531
36593
46135
42854
43895
22854
45301
9648
32093
34502
14358
33819
39315
19377
48527
39448
12028
30809
35567
2756
29289
38275
19574
30921
3386
35300
48835
36523
46104
44700
43202
4975
44000
15218
49624
17888
3246
46709
1803
23166
14070
14541
34400
38691
41678
44224
27845
3706
144
19094
40795
40351
41936
13606
27954
4830
23369
48513
46404
30579
24886
32351
5075
26552
23094
21326
18681
32186
44838
30846
21336
10640
11575
32263
24772
20968
22695
12092
18812
41313
26557
9933
5122
5938
46262
546
10812
31904
18711
37303
2278
21543
25811
38464
44374
14960
43066
26007
44969
35763
44285
35369
10493
38336
27597
9509
29992
10497
1643
28705
35836
39327
10028
44329
17988
25353
17591
18903
49310
31613
13118
6689
47482
10112
14719
43332
11921
46261
36087
49586
10661
32780
8219
5211
25703
25102
23078
46594
21716
9481
48168
2052
31816
24926
26420
9424
6980
19312
46769
23149
14063
20686
25752
35731
23697
15628
23795
22994
8624
16068
6665
19283
22416
32220
36217
5898
14430
12657
10921
24908
19490
6547
4114
15153
13896
4826
42226
32810
35625
20973
50427
36377
22805
3892
37641
37986
31828
28831
15699
14045
29885
48056
43730
38377
24080
23863
38116
23892
4687
38759
20103
23721
20846
26452
45839
41216
29801
22548
50228
6323
29133
38676
42966
42111
29532
19068
25235
33781
37084
7077
9548
19767
2972
47370
42299
6325
15491
11314
23080
13459
11812
34487
12732
8301
12826
18205
24086
30420
18251
47966
40261
35980
17321
22130
1658
12062
48673
25453
17599
11565
8723
17000
35967
29658
50057
21847
38165
41222
42203
26296
49277
12445
19684
9996
7498
29444
27655
35986
16173
35336
48225
35549
45003
16361
35477
36637
5135
49759
35074
22570
11116
9912
17163
42507
41957
8724
42148
36906
21385
35854
15505
14812
34231
38017
33186
47118
31238
28018
8339
33605
18051
23061
9291
13379
29340
48002
41210
19188
34628
12420
20998
2812
9924
46912
4049
36371
44272
41929
21635
30392
24013
5190
9775
700
4483
37574
5646
49684
24189
9772
26037
24590
3121
48657
28896
38154
10165
23974
40577
42935
21885
18895
31162
5823
23273
10833
42608
11398
425
7446
24582
43839
13517
23553
21093
41649
46117
2951
41226
18777
45118
48963
31204
42023
37697
48270
6790
27659
42718
41883
11796
47744
21717
41259
16189
46845
30115
3595
33192
6502
47010
12909
21395
37927
30757
18936
27483
40590
35691
24206
48106
32135
5541
19468
29930
9138
5356
39747
32486
17257
40893
33484
17304
18843
26384
35680
27215
21489
45223
22493
20439
2842
44940
44997
48529
49348
2549
23536
50348
1185
1165
48802
11079
19142
14745
39667
39733
31273
18635
6628
47713
7384
30731
22701
27633
5192
35368
46352
46532
26644
23070
40493
1059
13359
18572
45831
32963
40965
27083
21822
35466
44710
21645
7601
4660
33839
3159
38746
40052
7305
12945
14835
40885
12801
15094
39414
23826
43503
29379
13941
43601
48395
49969
41479
24955
42783
43074
36931
20282
26584
19428
31333
38079
49535
38240
7479
13510
8640
2348
7043
36333
26613
11958
23358
23572
19997
6297
24263
22557
14639
13177
45826
5553
27687
18585
572
22898
4391
28482
13492
49577
27744
5919
33283
50274
50503
20902
43022
39863
27043
563
48811
3317
12131
30922
2942
13876
2833
7557
15557
26153
38571
44254
25407
25449
40504
14388
2629
7955
21447
12815
29033
21142
48196
25410
36155
2163
19201
26440
29221
25219
16654
37848
20108
35473
25667
26983
1771
23480
17841
18894
42694
39719
4973
39231
17947
26116
4061
42426
42061
28426
42437
42308
36464
38307
3074
40214
47681
21919
33702
1447
4957
18706
21031
31443
24062
42675
37160
39024
31451
740
12060
16754
20508
3572
11648
31777
44271
18415
38403
17385
24690
27967
15014
20424
45676
49931
50554
35223
38819
34725
11598
19812
43960
44365
44490
2693
26336
3108
15726
28538
14378
44958
7673
1498
23835
30187
44260
67
45759
18278
24068
17677
37470
29993
31882
44218
1132
33818
18347
28234
20980
29381
43949
1630
40502
46855
17948
25737
5249
33262
24526
28358
39445
46897
41956
28567
15975
13505
13782
32856
41050
13058
35349
1307
15046
12891
42490
15780
20532
8356
27953
13300
2223
42477
11538
1581
35425
19458
24779
3876
50331
28504
28011
6724
6633
5531
21857
37390
34578
4204
8263
35922
6772
7489
33727
25036
34508
31352
41123
3356
22661
30322
26769
26312
10924
23218
40648
4261
12926
3974
35125
26539
3795
41529
9698
45946
9004
19855
44694
28444
36397
7285
6031
36497
47460
11090
45561
7292
2379
11085
44250
43691
26798
7918
34593
8948
15742
45890
22344
2927
16028
4628
7947
23353
11547
34288
39316
25016
20523
37785
48314
49278
14022
29087
921
37365
21029
29591
14693
12970
15897
303
1160
7638
14525
20558
35503
18742
22363
43977
30206
43367
37837
46605
9746
26715
35542
23830
46884
23014
40460
7945
49371
10546
49871
5345
15398
46506
41760
4955
44067
22213
15256
1867
29721
5246
5353
32709
10249
5110
23679
15503
40646
32188
35884
49455
16320
43547
2572
844
246
3811
9343
42020
12679
2517
6033
46459
3816
50028
31077
20220
1641
42145
50383
7157
7396
30508
48879
213
37836
37794
19582
14399
10596
35741
40159
8371
24806
48274
28583
24085
19289
49406
34315
32675
21035
49845
26537
17416
13374
31015
12603
38552
26167
38469
4570
49487
1885
24897
20
8971
14701
15816
39249
15702
22568
35381
31170
21779
31191
37168
29148
49051
12170
45829
17206
33415
15336
16875
31711
35784
16936
10775
36756
5797
3097
20259
25292
27308
33734
43828
19824
8938
21396
20051
50531
589
34213
21304
39394
33565
9628
3768
24375
18448
14940
35923
37651
12302
3111
44909
47566
31271
42126
5745
10444
18354
36293
29012
36233
24449
22848
39096
5869
42139
49459
30868
35254
49386
32698
15782
693
11097
23686
13759
4339
3406
31401
46696
50183
15641
14891
38881
31826
22844
16374
37363
26148
38294
7203
20665
29921
32790
44942
10890
820
24596
27468
9614
35275
2830
12895
28350
19576
28643
3029
21310
30910
12969
41466
35527
13272
19877
36863
38758
41797
32242
11420
16649
23406
14565
10062
41839
27202
27231
7176
4668
16867
33581
49902
40848
30865
17631
39572
45744
21688
47643
28824
26027
21941
33973
42547
20265
38330
38547
25885
44195
39186
46560
32775
34154
6563
30041
11045
25295
17320
28483
47156
38013
29781
12400
16634
14265
30096
41033
19715
31277
349
28926
13978
28664
49357
8694
39968
28264
25346
48797
11708
9029
19399
21196
26565
42242
42839
40477
2403
11270
7070
3522
49770
49243
30739
8618
44574
9222
16604
2058
28604
49618
18715
13839
36264
5573
25582
48250
33657
35747
49155
12650
44911
40054
11440
40867
25236
2588
9882
6683
44520
39756
14065
49697
38767
11136
6290
49756
19044
19337
38312
35937
2910
20999
39662
22219
47285
10321
15114
15419
49885
21607
47454
17094
31901
34516
24460
8025
22332
50557
97
21170
50111
42132
11089
16100
42008
29406
47141
49296
17340
41344
39267
24184
7421
41070
33006
9492
26621
25228
26405
39571
29968
36524
7179
22643
14172
8801
8587
14082
16255
37597
9460
46553
5260
18758
33707
18852
10920
32659
34913
46248
38243
690
33228
3030
26728
6097
16414
6866
40138
8869
2470
39263
3081
8026
40132
10052
25817
46431
28088
5439
15836
36639
29917
39963
13817
13346
36786
13046
41761
48708
1229
12013
28789
27023
968
49613
29913
7186
45687
46992
26063
32027
25493
8483
9218
19554
50007
14287
7207
46144
44629
19136
14576
22449
32836
26469
43132
34632
40921
26368
26575
25023
43923
42579
20619
12799
12091
15006
10987
46234
42635
9941
41322
39254
8205
8084
25415
39590
25419
47687
10824
20932
48641
3824
14184
49171
11736
6714
25462
1268
24577
43513
11412
38780
27381
10073
24470
47200
29234
44713
16418
45525
16084
28619
27137
13360
9226
37804
29386
14996
13639
14561
12188
27473
19629
3694
30381
7868
19964
40629
2023
41965
11264
8426
38225
12668
5239
47586
22417
27838
15593
19252
33211
9270
25388
30268
36570
37545
35983
14318
2720
25523
32712
2866
7874
47635
36934
39738
27510
19547
30238
26516
34803
5407
20816
28313
30398
46468
42000
42321
35298
49045
11525
49081
2584
3249
19317
42809
42029
43490
28102
48536
13592
26303
42456
43461
16896
19861
24527
15389
23
12928
13159
1909
42875
19815
37776
41615
26015
5359
35752
39912
47449
15629
12619
36245
14527
1862
34232
39892
22525
4448
30199
11224
4317
43616
15720
29353
30078
22380
18804
32965
25636
45843
40771
42983
7462
40896
36445
44062
10336
32743
38812
32530
38830
6158
9798
29040
34150
48526
37149
5423
42460
7260
39079
197
17646
33528
4546
22304
43667
17758
7510
16596
8579
12803
36708
29446
40829
20179
6884
19416
43734
20546
3577
9250
11022
30747
45426
31860
29568
29162
38337
20493
23932
3381
15631
21948
18081
20222
16393
47906
23123
10590
19856
42060
19281
38713
18838
41860
7757
27300
5795
17041
46838
42606
26906
19176
13422
11015
23306
32841
17407
25930
35191
38888
15342
13355
4278
26925
32920
45401
9786
47799
44910
24697
20008
14782
5099
33212
42234
27725
5233
24301
37233
34290
4021
46268
11049
41964
37877
21255
50576
33472
26601
43650
8282
34131
38101
14364
19450
49120
30619
38542
40688
43273
33127
41426
8535
21285
19919
26104
38198
26114
39536
21611
13085
3144
44781
3689
33757
14825
20078
20033
7835
23129
40237
47917
45009
39076
10650
48142
19878
43191
11063
30414
18422
27717
412
40016
4762
11766
37362
1940
24431
9850
35356
20526
29329
35168
28457
7225
44952
7634
46100
36749
47380
9667
29128
44338
22895
10146
41795
19981
11238
4429
26187
43663
37631
19937
31534
20064
45030
1680
41473
20835
10575
23790
11889
44277
46009
34193
22291
21731
20870
37704
23120
3665
22447
17415
26789
35827
49844
5746
32035
30304
24170
24693
2609
6041
25071
46364
2820
2437
37215
26338
3004
25280
30680
12245
47442
18363
41618
45797
2203
42709
7431
48547
24180
1993
6560
11177
36042
37762
29588
43985
30850
7951
48295
45167
2268
16996
40315
24493
16099
40766
10880
39013
36553
29346
26044
28317
50367
36947
47079
4445
42742
44137
27448
17420
16838
3628
19161
1824
12762
17350
19672
1298
13899
33236
49615
20433
23416
17197
40476
19625
44577
46821
18086
17425
25464
5348
15355
7291
16890
38710
23424
7111
38583
41311
15058
25836
26612
45157
33318
43905
21089
16348
16386
43563
45488
44481
15126
8620
38622
50042
48319
23644
28051
47615
23827
35821
11815
16403
9715
2259
9556
1937
26137
33002
33435
1289
16825
5161
49472
14302
5184
47570
40901
21354
40338
40585
43065
29151
41619
22504
24344
39278
45674
1917
16492
31491
2291
47146
37182
4104
34771
2958
1093
24135
3028
44691
40375
12049
32960
29491
40897
39411
2264
4305
4549
43727
29924
1988
46039
28104
35918
21726
25471
41279
9641
27515
46621
24356
18575
39453
4298
33199
47278
26129
29028
3614
48405
6723
26001
37531
50506
45032
38656
43376
47510
47536
4934
2057
16057
31476
26893
22300
46499
48890
22886
28429
31945
43636
20899
45929
9419
43037
10561
49690
5483
45872
30070
14985
19084
44348
12254
7699
31489
3986
11276
21331
24496
29372
5224
32026
9709
19144
15858
32454
43391
37587
38508
26748
750
28631
21691
35629
19344
39606
8180
4173
32866
25729
9521
33937
22199
14241
27721
37016
4620
14406
81
21091
7427
41725
2698
17912
20280
40851
2565
31106
42053
30285
36093
41895
15638
34088
42171
18186
38022
28396
20271
6165
35826
33612
38638
32755
17940
37113
8348
23412
25955
21377
18578
1241
12160
34647
34289
1238
5719
4831
50310
45342
17116
29462
31756
25664
4286
47360
16413
10097
9567
16161
23311
48188
8874
19752
41051
350
5042
13617
6900
12706
28175
17048
49049
1994
1424
49142
14707
14178
7296
15909
25598
35378
26933
33533
3140
46406
2130
30983
19426
41445
21360
32925
28090
22721
24209
38322
20938
6310
43180
49995
2559
34483
20106
30463
18527
18261
1971
30372
44002
32457
8511
22142
22257
33108
38441
26921
45149
4525
35566
49035
21581
27417
39928
21677
35166
20714
17963
33342
15215
5334
3954
42219
38864
18220
22969
18259
49591
7333
24191
14814
45964
17508
13044
1760
46211
1409
35093
17169
49364
37151
26779
1150
26306
5793
38612
30831
22824
14793
37050
15728
2560
3722
6852
14457
44672
26770
4219
9662
24156
1367
19857
48153
2644
14439
50415
35906
19681
44473
4101
26267
46397
18636
37935
26758
16383
5688
34851
47464
39812
29050
5108
27555
46399
4572
5275
2825
29604
26604
23541
2730
40036
18114
21617
38021
8009
42446
34945
43207
49027
22343
21636
3454
4138
12036
20745
15725
752
32580
40220
15731
17370
23262
50215
49016
12941
21456
13868
47892
32430
8393
44176
6679
3585
15895
12946
35296
12464
19936
44171
38621
22243
21994
38916
12121
50450
1879
8420
3288
24019
33715
721
27125
29408
9747
31470
49246
16950
30013
24845
11039
41326
3663
23057
29325
16886
25440
46682
43155
18628
15235
43251
33699
50100
2466
44827
36738
27916
23730
22884
30667
35141
214
41499
20458
16681
5460
15248
34317
30841
27983
18555
24381
30011
29752
49803
21222
2326
22202
7767
16822
27727
22395
45937
37226
6423
8604
9660
11428
26932
38370
10121
23441
47393
19232
2628
8182
15958
21776
16207
25395
47897
18450
39936
4503
43625
4513
26688
1116
22524
11367
25819
30605
35911
46944
50365
41474
49462
25524
2743
41600
20135
22242
13773
40853
41574
45419
20747
8741
50175
24677
45919
35459
42931
17489
39627
6619
30700
27828
26220
36589
16530
35400
28344
22510
17730
33797
8195
27224
753
24768
10230
7567
9148
32680
37792
12113
36014
35543
15908
5085
36250
18612
20028
29206
46724
5517
39487
43580
36587
39061
9484
32778
13475
50568
47576
22891
22851
220
32662
17079
46160
9059
9672
5608
3883
579
36510
41352
12731
35847
2362
46462
25505
12479
36604
38586
28973
24946
14766
36246
48128
1714
8206
15800
21094
38718
34203
35531
38673
13989
4950
7961
22150
4670
15009
37114
27625
21386
1042
31453
32791
29557
6332
25662
34661
29273
30930
23476
39351
45810
25547
25341
23891
46417
37774
27485
29726
5281
7675
38241
23437
40249
39981
39601
3237
36886
28382
1231
19968
33205
48888
4301
28835
31794
16107
4621
14214
25616
28070
44521
20351
13283
48042
14290
30350
50560
12289
12565
31350
34098
15086
49293
43534
38555
18795
49313
4884
17134
7624
20934
21835
14583
33329
21819
32416
37406
40203
39121
17899
29084
8487
18481
17992
735
6678
789
27900
26606
45835
14897
865
2975
15888
49009
47529
37100
35762
5321
50459
31023
12570
26388
39017
45252
20704
35164
48462
35699
33207
43593
24421
23550
18359
32763
37139
10421
32202
2502
30649
29122
38402
13935
15154
48399
34526
1154
26286
4882
48391
36457
43612
34812
27299
11573
38181
48722
41589
35963
1091
10543
32820
27364
23799
37076
8912
33806
1247
11031
31608
8831
8785
20113
35657
7504
16496
17366
26071
40832
19444
14784
35181
28531
18298
34492
46051
15795
11939
42852
36953
29017
46134
8842
46674
716
17052
33548
33585
32563
47462
21480
15423
26568
24438
4839
34453
15738
3368
43256
45433
23290
35636
18596
18736
32223
5565
30970
2293
39655
36926
10087
44681
20091
4466
40107
13032
39027
10379
21782
7561
17609
35433
16039
32478
40850
39090
24345
21087
8976
27457
1418
21859
47174
113
6265
48558
42574
4972
11906
21448
27078
37108
19060
33242
28107
15112
43538
48989
41926
5094
7128
18495
33808
13608
15091
10300
11352
19615
36813
50231
38223
6475
10900
30919
48302
41953
21040
31847
137
2836
15388
8588
15331
16761
20544
46425
12483
11059
37297
30139
47243
9454
31274
45987
46126
43049
12932
22044
36378
41180
28641
42716
19957
33955
42392
4801
6521
41238
3797
38413
44667
6048
28953
44046
30297
16622
42357
43164
31993
17157
1653
8777
1763
14746
1698
20372
29656
47851
7648
34510
19819
12910
18080
39565
16250
1644
43964
2700
7299
30376
99
29438
9696
29827
45733
24887
12858
48257
13804
44507
35092
46238
10769
16021
32397
46762
9532
25700
39623
23390
4443
19729
17170
30311
21088
29567
14240
39040
13833
1430
50089
1741
28976
23535
50169
37914
43197
14137
45414
15609
46728
45241
49094
24337
8380
14033
39059
46197
49204
47100
19779
32550
41234
33414
32052
47063
36842
25061
16040
23060
43260
1580
40769
34267
46804
46263
34268
8392
33230
5227
29088
3757
35235
34300
21481
27691
18355
15690
39711
37855
10656
24104
7683
15924
15120
9544
20349
36231
18941
42957
25714
34473
27433
11814
7061
23214
37145
35279
3970
43011
22159
30512
13552
9027
7029
28544
1841
3226
18790
4335
4242
3633
36380
2390
36331
29597
37556
48628
50462
16252
22147
34710
46087
9231
17335
30807
37454
13974
17853
33044
10490
32438
34259
2791
46394
42553
8259
20726
2238
15744
25478
16655
3023
23454
27303
14509
28294
34869
47718
24087
31575
25889
3951
45967
36703
6321
37796
31381
16157
37905
23768
46937
23167
37964
50426
44135
41104
44603
18740
19466
36790
37613
36164
3564
33322
33045
16420
19300
2995
14245
42693
13579
44068
10534
13653
44964
21769
1465
44697
33552
43931
44999
5374
20921
42264
1371
31811
29447
4713
31412
13533
43835
6764
44782
20340
17966
29063
37066
38323
35688
22740
28165
32692
35471
27535
36848
36469
10105
4999
13688
5757
13690
37214
33296
34496
10690
8335
40786
20126
1036
10720
34742
17495
14776
43741
541
13451
27997
15456
48317
6322
630
14427
44930
4856
2523
1373
1295
25005
17579
38281
6106
39095
32146
49638
4215
49874
2124
4953
19147
2620
44017
4331
18954
22782
24578
48487
9483
17613
8037
23949
45811
43956
27013
14066
49557
43939
11076
37735
37793
13789
21203
46073
25727
12159
24678
43472
8580
16267
7644
42451
32452
15008
2646
48100
8823
42577
10298
18094
38540
24831
6073
11845
20018
36948
8304
40900
17592
35420
37001
26840
6638
28056
31252
8492
1488
17639
46710
20469
19689
40075
2050
6841
10500
42580
8735
14613
8552
50033
27762
33628
36610
4646
16089
22475
32556
17381
8227
11707
24687
18703
48681
27516
6921
8092
28216
6213
17308
20326
29455
410
28207
3963
29722
3238
17186
27404
43984
8167
5091
42049
6263
14009
32966
49048
3533
36712
43602
21801
11808
40235
15476
6455
38136
17332
50321
32147
46081
26449
40569
47387
3299
15779
9601
21372
6673
24387
27686
30825
9319
19726
49207
37155
30352
2829
22608
48703
49506
30955
37019
41938
44050
43238
14385
42307
23463
14062
1870
8472
29136
1892
22063
44157
43045
34134
17460
41375
4823
31587
29761
25403
8880
39344
41744
46607
32590
8827
28052
34537
3213
40664
24814
28974
25900
13907
49522
9062
6770
40368
42749
21600
24450
1649
15135
15877
43485
45685
7553
6476
28512
41726
4846
8129
13691
45368
46575
42900
2734
22684
22672
21971
4192
22507
43864
31281
48025
32480
16840
7266
41271
8557
14356
42514
32615
39805
37049
37124
43143
49683
16101
47574
24972
10251
36308
45204
44482
43653
19858
7739
6554
42690
2885
19037
27945
29945
49873
25404
21042
29387
18623
49804
35994
42631
14881
48301
16648
15206
28940
11418
25425
31257
48620
20360
35581
4754
26980
1211
28688
12235
26844
45224
26212
29478
39036
9914
39224
22893
5703
7524
23217
27312
34378
7007
24426
27639
40690
6879
12703
24714
3314
10521
30522
38760
13784
20510
29367
27562
10806
43088
29448
3049
12163
14590
29250
37980
40926
44561
19322
6328
19521
8728
4838
34302
39342
5328
35647
4725
20858
35163
30936
39938
35052
18841
21442
6272
31084
22503
8296
32060
2905
26349
44525
5615
44544
17491
22829
17715
15244
33901
43364
40001
45236
35573
16780
27409
13521
10797
10116
30459
41450
4659
28889
3345
17487
1276
3083
20213
38236
29955
40566
26029
20775
19645
44620
42959
42005
21365
1633
19913
49240
24098
48159
13276
23227
29697
38530
32848
16113
19859
43761
18014
6247
1450
28201
37428
47363
8573
3052
28163
45424
2818
5206
20025
12983
47040
5676
50502
4897
40127
42652
27947
10635
12581
8782
43790
21804
1460
19643
34795
24440
21921
16722
46019
13705
26386
44368
6843
22139
6611
5470
45467
19261
39087
23397
29685
21709
48122
18735
3367
44037
49024
13484
36828
8363
30827
38500
22322
37543
10704
10707
38091
2131
12846
10392
27107
12343
47607
19006
33747
41197
15954
36533
12156
18416
4561
5019
27324
9396
1179
21219
13161
49926
12415
31845
49529
35468
29570
33116
47960
4050
44828
15538
18338
19632
48353
39885
46760
39933
39474
33803
21545
43543
33875
14502
2805
32239
33761
34037
44223
32750
19130
12066
3452
16409
46500
24300
27295
43450
23006
7658
34989
27376
14653
47983
22290
48318
29793
44132
4292
33520
24893
26907
23592
1442
9351
12866
19308
17444
27991
46704
8390
42173
41836
22171
25548
49985
23009
30547
46885
710
22092
24934
33312
18308
10554
33366
9512
8185
7979
32446
22181
48082
18159
41191
17934
31809
37998
34390
42485
34581
5052
4894
10962
17412
36676
34815
34153
46285
23455
41263
46520
722
36047
12117
7526
16295
30834
12629
1449
6943
1327
48281
7818
31192
38860
33872
9980
2
28628
18671
9560
46335
25138
7398
18488
31869
28880
29814
10522
13064
34864
38086
42560
38747
42007
15998
48074
35126
20996
32949
24843
5100
23184
6451
3463
467
45642
48409
37488
9341
27458
42351
30101
15495
7470
1654
4757
45039
2722
12454
21976
6657
25378
30741
27362
26693
9429
5050
32132
3894
29181
26994
38769
23045
40977
28821
21158
7633
15663
1118
4353
48587
5881
6919
7071
48062
39329
3535
45130
35692
18806
39887
48798
40877
50016
45358
2458
48020
46274
26152
20761
2369
36122
50218
42192
3228
20190
27311
49824
1814
27628
7169
35955
28906
3189
15724
23095
37632
42754
12194
8033
19208
9762
35591
17467
39129
25868
6320
4709
7718
43824
4398
10254
36041
9353
14979
26579
11681
41915
38674
25854
45235
39379
12308
2067
45051
45637
49553
45043
135
1415
34971
13418
11379
36638
43269
20881
49650
31555
30108
47749
35723
9369
20394
46993
34828
34866
447
7805
6381
49495
6050
19047
11858
5878
36476
29649
6957
25156
24515
7895
34093
47840
31953
10963
24884
7661
33753
1804
1135
7897
40344
11306
4003
25087
24500
48229
42438
275
4421
16313
4662
16208
32066
38924
38875
19239
23759
28533
31524
35145
45705
28395
33188
21902
44643
24030
50559
2674
32714
17303
20624
29942
3552
42325
46929
28839
14352
18981
49545
18827
30582
24835
6546
28704
46032
33197
13315
13424
33170
32665
1874
46695
767
31320
32674
23195
45933
39261
42625
18107
23849
49754
9930
10825
36073
47322
48341
1495
5104
35569
17260
40616
17513
27897
25041
36839
1145
33871
6612
4710
167
32603
48772
38956
4365
28553
10530
23725
37
41441
19090
36343
23665
43722
47078
28327
43955
28415
32691
29757
20817
33711
35535
27837
19700
16474
28502
11068
37338
21882
43894
9751
46552
14990
20984
20511
22911
32548
9252
27310
35797
10757
45625
11324
27206
35785
26340
12885
38838
22258
18769
35745
25385
43130
8470
22997
21363
44540
21558
37946
38732
3265
10234
6175
23141
40524
3217
43360
30397
19820
16317
46874
11156
12128
20713
9631
6897
26774
43677
10415
9293
44807
37725
26853
44793
14737
2463
7079
45243
3720
3101
45550
42924
25989
29086
13253
32733
44205
34464
25312
29042
35305
49516
1668
31270
30368
18531
45060
40105
28703
41312
36869
8334
40919
22492
4092
5297
48287
43275
15485
5545
26035
10120
12593
7519
35121
10771
34682
24705
5199
13837
39684
12625
41820
16349
21580
18725
41807
8134
7641
45870
26992
12183
40934
26747
5554
30546
29632
20056
37699
2586
48325
42306
46705
31486
18240
48742
252
27683
35760
10725
1708
33722
16270
33369
9216
37746
4963
16142
12533
34973
42039
32296
5041
332
50461
23893
47729
41717
39913
48150
8106
25569
24671
15022
295
24040
47008
33321
31185
50078
41973
17289
20212
44305
553
6206
16913
2165
49661
39728
15346
7705
14382
451
11239
29935
21195
8846
34679
31526
15602
46830
22995
663
13669
7575
8133
44097
32385
49200
41394
18007
21319
6219
39308
20859
7838
13526
21131
6251
3684
47969
24378
45657
28916
21499
36021
11581
19808
49073
33378
11027
24432
24065
33233
44249
9223
41592
525
43457
7629
47116
43
12266
23074
45618
12367
48036
1608
41170
12401
37975
32532
41507
1143
27962
18006
23444
13909
19692
1737
7871
45557
48161
6159
26471
25465
12153
13132
24510
22062
38955
18863
4263
24216
24642
30203
8572
12217
23700
11263
35375
17877
50252
44051
23575
5302
36013
33924
23064
10870
9019
45684
15559
28968
12048
49937
29856
23017
23422
8141
45190
34651
12373
12511
17123
34878
23106
17697
30388
37732
44675
26225
22715
3020
4714
48611
18791
44653
50401
33970
33370
18754
40736
33178
5306
9247
3312
4408
50069
10084
21041
11256
18900
41755
43284
45566
31589
42276
35860
25942
5304
33031
18409
45394
32808
34458
21052
17737
32040
5665
33712
47214
3854
22727
23525
43225
21498
39100
19532
15902
25901
20290
20232
48709
44429
49338
21078
19541
8194
13525
37679
13632
35124
46388
46977
50330
50424
44467
43169
18384
4548
42079
46875
11376
25264
47672
40653
27654
35290
23055
42086
48375
16070
27270
30622
40093
241
12695
20647
10045
18494
15347
21678
43358
9886
25193
26591
16835
23501
34663
28904
44226
16674
28681
49786
47854
27974
41012
1098
15945
26271
24877
621
46006
49186
12995
45795
18091
3377
23947
14210
47150
9155
4756
25855
14201
12208
26065
16580
21508
14677
37569
12767
4779
31564
28430
20807
13042
48624
11626
6775
23619
25698
31268
13854
36458
8491
34949
49841
20955
8913
2116
45245
23868
194
41756
44496
48818
41085
2215
40330
37710
50299
218
40245
6988
38334
14802
30068
4908
28801
31643
26202
29699
30813
20400
20754
35443
26751
45089
16073
4694
5710
42780
38284
1055
22255
48625
11320
12143
10361
35554
33931
32267
32401
7086
2986
379
40726
22611
33673
5800
25757
3063
41599
35579
34171
13014
49290
616
36328
31383
32584
45122
21057
1764
3906
33641
17946
15548
19655
20886
17140
47286
26773
16136
2485
33640
13906
24174
4760
33774
43873
6402
46898
38389
27973
6654
12365
33316
3409
22772
27003
12975
2389
26732
12838
47694
38597
20204
37135
31094
5017
10524
22864
3507
33940
32102
12136
1479
3262
48534
41611
41433
23283
3985
3942
42622
21576
20716
46873
11751
46798
13885
19059
30840
50416
9207
10782
16991
1743
11852
48887
40719
46158
39717
34660
48031
208
1104
21154
28955
48988
29594
28119
40878
24275
33175
17706
3122
26561
3483
30190
33969
46544
33919
557
27904
37269
2562
28214
4164
43665
15421
41506
40892
43861
18126
23483
30811
36688
32835
12517
15482
50051
30957
23500
8277
5319
16659
30363
10805
25736
40466
32086
40809
1088
42867
42588
13259
14083
43648
16459
29055
31433
10002
44345
30677
9477
41558
12847
28256
16891
12152
12257
23643
47873
47124
27131
40115
14579
23965
15392
10450
39440
33420
31227
33508
32118
19419
26602
43966
47069
6819
39537
19639
36746
49878
8961
41061
29429
11114
794
42037
35040
9851
25438
30426
9107
34712
40516
10070
8914
46258
9779
26013
10813
29233
22803
32484
5474
12961
7798
22005
42615
18750
10065
13333
27793
12295
30814
49923
18565
2355
40013
25183
20346
38856
11730
6014
8395
26287
2776
7791
10404
1895
32985
45908
21571
42568
16054
21671
45500
45978
25630
23703
17503
50010
4247
27582
47597
20605
42033
23091
15472
20012
14361
5576
19826
35469
30798
26399
4119
10780
8915
11416
7185
35929
9675
27434
47590
3310
49597
40923
9413
20516
26959
34607
18163
39081
27331
29196
33391
19522
6124
38044
12402
47346
7612
27498
44111
28747
40010
48737
28979
10508
36076
42906
18610
49561
39784
29006
44419
27114
29639
27246
37714
45008
4346
3334
41697
34186
5295
8871
26547
36181
12120
12114
40959
34426
45253
7178
2971
34147
12191
16707
17045
1002
3664
10343
20950
23642
9680
50385
32294
27369
3174
49450
25837
49015
28116
41355
27034
11480
37724
26456
25834
11070
37120
30059
42106
20172
10363
26045
26675
5139
39092
28959
43831
42222
37649
34794
33978
8481
8477
12329
7885
44639
14127
42147
3681
22404
40499
41366
18473
42843
31332
38721
2831
18274
28351
46090
39835
32148
19313
1823
28656
18893
34124
22498
6761
34401
17585
47742
17345
5258
15203
1458
14999
35927
38158
5622
45582
47660
12076
8947
88
18961
24285
27529
22491
22197
8783
24064
39543
13647
48253
43442
10928
8250
18258
14690
12519
21910
9209
15840
33539
44102
5096
36151
17305
138
49212
6494
44070
1124
17576
6493
46166
18534
30885
17231
6477
49920
14904
37955
28888
49721
17020
31973
23579
47517
1236
47649
45291
12199
25912
48815
46306
14042
46279
2683
35359
17143
43006
43623
1664
33257
24082
17808
15833
17742
14482
29749
4637
2494
9213
16031
12124
13491
10195
31930
38890
25460
30742
5996
13038
13203
31426
23841
47217
16717
7663
27557
41442
8112
24984
47404
50198
43857
14023
4037
16859
16920
43062
35414
49711
25659
31207
38076
28527
18059
50050
37813
46787
17516
2554
2582
44925
3398
27327
9325
10753
46210
5787
20244
30532
22952
23429
7100
15658
31719
3177
5313
12283
30288
32701
48227
43447
13363
39472
25231
46718
14995
20895
41372
8881
33877
22010
41586
29933
38624
8786
18556
6702
35953
50159
31808
24555
39366
30442
26066
21077
30133
12897
14970
33658
47351
10847
29220
46386
17195
44989
15511
50125
38445
20957
33498
47598
24052
44835
33471
32990
47569
17478
3799
28670
18915
4404
45168
12031
35794
22506
7328
1369
14635
29991
49331
23434
50411
26725
11347
23485
7755
8692
45128
27121
13207
4986
45905
13740
42443
909
21483
21122
9844
26803
41309
48091
16124
18815
31920
28877
14020
46872
44585
31356
50335
49685
20296
29703
29556
11377
853
1228
18076
18630
7687
34801
35332
44820
25019
13732
49777
6163
2727
46939
42046
15299
1651
29064
14743
29326
46420
27388
45976
4678
24196
30938
34642
19133
443
5527
30956
31708
11137
19511
6822
1798
26593
31929
36468
11017
2091
30119
35103
33251
50471
24238
45179
32598
21660
8954
13366
42760
23915
9129
15529
17826
26309
10193
34639
29508
2493
9406
3400
26279
8888
2848
29633
48817
45956
43525
47309
28403
38616
5537
20415
30606
6707
30433
16599
33684
10396
48103
35689
19301
15839
30777
23101
34005
6024
37287
35748
27884
41515
25131
24881
6371
5802
17403
20101
5072
28561
44736
30981
704
8223
44225
48843
22186
46864
23008
49337
35863
21518
5363
14497
4256
4276
5945
37379
4143
6463
10213
1197
50195
12725
29625
23546
40059
41633
20291
4539
34952
35846
20188
24883
39507
16973
22965
41601
26251
48830
36864
18649
19214
26832
25816
39675
15210
35234
46526
13815
26290
48984
12704
45180
25185
16954
11310
36843
29548
29425
30342
30144
44688
25535
36081
40313
27874
32496
26360
12293
44775
37721
38921
15904
15926
24471
19106
14907
35490
50254
21397
22254
22868
25047
34888
16925
40961
5154
9430
10808
32704
35273
26333
20718
43304
30465
26553
28686
8361
17816
48073
15554
49527
29969
1281
28157
24112
6436
42967
12864
39735
3151
44598
10056
19230
26195
4241
44714
9530
39997
10789
33561
34929
40297
43271
42528
12882
8170
3453
471
21596
43114
22689
26625
48535
41527
9243
46496
26845
39210
9553
3669
32656
26764
2771
16962
38308
47868
970
13033
37314
2180
14242
1376
49950
7238
29019
4671
10246
34548
32526
47376
46376
14090
2194
42156
33425
576
32594
21528
660
48740
47680
17276
44654
1079
36634
38166
22463
43660
36547
44874
44405
21375
48216
7763
44580
18874
13707
49541
36766
3701
25189
16237
43349
3139
13651
15035
15460
36599
5874
9042
4813
6256
47514
42600
36952
3709
1338
25
22022
596
40817
10721
31468
15283
47137
5748
10232
38301
6132
41492
13780
28960
44028
23086
14555
1544
44476
24272
11632
34217
29077
5551
11786
34807
45634
11393
43639
34485
23371
26623
40014
37895
3980
37841
18529
6621
6733
49079
12331
28901
36409
4586
45452
21852
17334
21110
28885
19267
2556
27036
36645
4095
8505
3113
7055
20995
37722
33577
24694
29920
39617
14816
29516
1425
9073
44164
30165
49264
11495
27637
14896
22663
43852
15598
17317
38554
48604
21459
46148
49806
47472
23684
5791
43329
36732
11602
23645
29186
1592
21511
27881
4609
7228
32624
16836
43448
16885
12933
47973
11699
46630
9811
8273
23251
34301
45793
49551
24784
21239
30164
25899
39400
35076
26412
48355
32388
18603
654
42488
13677
6717
39464
8164
45072
42298
8693
22659
25325
36410
25929
45036
36606
17442
2077
27692
13500
1545
30632
38700
22820
8906
2104
32975
40667
30371
28427
3236
37611
22605
8400
10645
46880
30627
16066
13816
4395
3289
41105
21343
20065
43777
31970
49886
4921
43876
16747
17103
29475
23904
26476
49174
18638
28995
14437
65
10013
47479
401
28277
10585
46313
9897
3624
21808
8453
24004
10275
17386
19469
20915
21920
18512
5504
7057
17210
19850
37014
567
8097
12408
5589
10850
44273
44366
5037
29669
38112
9344
7483
316
23317
34618
14962
47417
40541
43318
16745
9323
4282
25354
30340
43898
20671
39175
48126
19424
27174
32720
48408
30373
16957
46085
35681
31123
8921
43962
11149
19065
9018
25560
7851
11277
18285
2198
17241
1791
22903
34592
45517
48941
29103
16222
21302
33277
21138
4344
30073
26913
25304
45472
34517
16790
4273
5029
43387
22846
41687
49649
47820
2876
10574
7999
17800
49477
4399
29603
11880
4808
43370
39924
18940
34972
22166
45440
47465
3934
26564
29298
20663
15964
48506
37894
34229
16178
15777
38917
26638
32324
40089
36715
4724
1923
1112
8428
30506
46749
21552
10161
46453
29846
19137
28300
8975
45521
637
32315
13261
45249
17291
6915
36667
48185
15656
30744
38619
21099
39941
30200
49425
28154
19097
10577
26417
31666
45738
5088
8035
28823
13202
45992
50043
12807
37959
19788
16353
33293
9147
32976
8455
19746
44069
5856
5276
46377
35210
38690
33908
10424
33141
29031
23180
5131
36130
10745
10198
10939
32024
40567
6549
25525
26526
13619
23426
35132
26177
34220
39279
13440
5992
16000
45884
7598
48263
29230
46655
28784
31233
41591
8216
27935
28365
3473
36339
29056
36141
47441
37136
17151
37662
49520
18722
43695
46169
46168
46292
8567
356
24556
27478
18306
16170
28594
2999
11572
32227
41362
40234
1934
48650
30278
3164
47503
27694
2663
46583
8729
33260
34942
4507
49749
32021
4997
13685
13453
42116
19636
14044
26647
25964
22138
25342
33015
18025
30916
9215
32761
13486
26385
27491
47407
36580
42130
42159
4607
7281
49766
19206
49165
34122
39232
4871
17922
46627
7984
50480
36671
3886
15182
39372
39461
22682
48429
5273
42759
18583
36892
14671
26563
9433
29631
12226
23256
36921
31785
21721
13322
6052
22711
4388
47181
47800
22412
21413
43794
27911
16278
13345
25978
46600
42413
49750
5159
43496
41676
19251
11185
45080
8547
20379
7368
48554
11115
49676
40438
25689
31475
2492
27424
2272
9809
15509
17311
2966
2904
35346
2432
47081
28008
4951
27009
19611
30652
38072
9316
21024
20679
32368
24520
47785
5053
7859
28826
22456
17180
30282
36384
26942
27724
11935
47826
46822
27693
28134
46273
11592
27752
15445
22
32644
44264
7571
44244
28684
48152
7229
49888
11835
47902
21826
41594
30169
32467
35117
31004
7387
12566
48208
32769
28304
15991
16643
19276
33299
46083
10322
5526
37896
23831
27711
6162
50170
31498
12700
26451
27321
11395
32649
7787
20243
41922
19039
2155
43958
22294
16017
31964
26382
10310
43641
4649
34515
11088
4500
20397
3060
33310
12386
38386
24234
26738
29733
38484
48044
22067
1380
16601
37769
29476
13288
38915
10834
10333
18590
14595
30191
18147
18763
44186
33814
30046
19361
15139
2281
3327
24593
745
7016
19318
13187
21356
8142
37403
30681
45867
22858
32367
46409
20248
39988
26538
36273
33507
4260
48741
46192
5314
40349
13567
43889
26887
49374
39256
25078
19917
19966
16675
45319
36341
40825
7607
1635
44755
19552
14833
26724
2994
17269
39465
6752
4485
23457
41556
1770
9796
3782
34500
9485
9691
31716
23147
40193
6914
36260
40572
24175
29728
43748
18543
11280
3120
28541
18979
11659
29783
37920
15947
40580
13656
41983
24329
14704
16470
12688
11605
39886
41542
6725
47801
9467
35705
5605
9582
40505
23471
40609
25709
36567
15562
22383
18072
18381
46186
23179
41720
39969
17145
4864
26190
7009
29831
199
28356
43528
35530
39001
47863
6572
5857
26760
46618
25115
15627
40401
35434
44422
40849
20764
17637
20054
3391
44703
39949
35755
27879
3842
42831
48081
14811
30706
46649
2226
34621
10706
1996
1963
41742
16479
29343
26567
3224
32293
42012
11223
19343
1943
19307
679
28434
40820
16766
30204
34759
24299
3087
39257
21500
9575
3855
40582
11524
6178
1255
2919
22035
9757
26081
11744
21321
5015
19841
7129
50483
21075
42720
4279
36393
8368
32937
44960
31603
45334
7817
45400
18631
47609
15700
147
22145
27127
37933
31958
14301
22500
12423
42916
6578
42847
1483
28312
23955
12485
26814
38494
7316
13087
1398
28110
28662
48884
43040
39998
37299
24986
16976
12908
1167
21685
49896
41924
39962
43854
37290
9842
9934
16499
9615
39861
46047
39360
29154
15262
34934
26154
38238
26786
47955
49271
35438
23958
49884
1976
24277
20099
39974
26580
5106
28113
21924
18224
27735
26332
11287
44242
25035
23132
29906
34947
45422
44784
24394
5202
3109
39114
29311
4341
47307
24797
22345
29517
48271
10124
9891
5932
21547
26818
7680
47283
27829
23724
38189
3583
46511
736
17726
5396
36810
32046
18848
47871
11727
33418
43800
45910
41627
14685
44275
35424
9592
19340
1278
47693
12959
27372
7312
40198
33445
49461
8733
4107
36568
4397
42179
10011
32327
20897
39227
36581
32483
21205
26744
34846
35398
39262
23128
12374
35097
18090
13321
26105
6161
191
2697
21931
28416
16002
33243
47426
13971
6719
17510
49644
29926
25422
29465
30390
40187
3945
7942
33789
29891
10270
48982
18466
44460
32641
31505
40640
29835
46752
3856
27985
48671
29837
13558
23877
8004
15411
14425
2570
39219
37683
38492
48098
41943
4923
33620
50488
25583
8266
13169
28237
40006
23427
48104
45105
40523
38719
48717
16564
580
7814
17782
4214
46901
21276
6193
47323
14851
34233
9072
50493
45257
38675
20117
30038
44289
12735
8514
40123
40737
8601
49454
3919
46517
12118
33344
12738
32642
16758
42583
10053
23185
61
15039
42562
42371
37868
40024
38320
35635
33933
3342
49532
34522
36314
13450
12457
29450
20634
10255
23139
27016
41142
36995
26949
17824
45520
2497
22265
44566
7764
5385
18541
7734
38398
20573
50248
12900
6805
42592
37213
20762
18776
40701
20066
17831
44563
17771
16723
15125
9712
34903
46056
43672
28934
3485
50417
20780
20872
6344
22572
18794
9130
39931
35837
30404
46280
44386
47634
39625
43338
46721
48543
4688
9617
20793
2196
30789
14401
21757
26810
5915
24108
14791
30592
42496
16803
16672
49782
27294
7826
29954
47254
45304
31585
9552
12122
18322
5763
23376
28414
17423
42160
12894
1067
27342
31139
41734
11535
39273
34547
5393
40986
27606
44679
2748
50425
46109
43550
17006
6663
47874
11182
1188
1354
8480
29527
48486
42423
2733
42077
6377
36079
44343
13001
6998
18521
1300
18540
46278
4772
28065
11580
32133
32427
25232
32063
49875
8237
47235
23753
16720
40520
23192
44014
15776
27786
33080
33440
768
16543
43070
48715
29123
44692
8352
182
45287
9017
44575
10349
28984
33890
40963
39620
11747
48977
42651
24265
35345
47929
3373
33622
29530
44551
44323
10665
11590
19801
34303
11153
13620
8187
39377
34587
50355
18734
21537
4197
4093
37498
39417
46835
41416
8870
44500
34127
24015
1499
44804
32565
6818
30173
39165
21224
8243
41103
20224
43874
43036
1494
42711
5550
3001
12664
45882
42587
13703
4140
10746
22576
25707
17985
34591
3137
38400
148
25174
25483
16864
41219
35461
7560
7256
1383
18597
27289
50216
26630
13274
27889
24115
29297
34749
49076
27514
34555
9438
41493
37414
8289
42286
9420
10190
34880
44265
7559
8457
24988
23912
34685
49491
15447
64
41397
44461
27768
2206
46634
29331
44370
9016
35697
5508
46185
9033
10801
20266
20644
30724
6622
6591
49106
7605
9110
19455
43703
41733
5005
48809
42059
43632
109
22141
33583
17439
1010
28893
36558
46643
31219
48291
15657
6602
36722
38716
44060
26817
23046
4698
22455
42051
24447
20389
46350
29469
32391
43603
30218
9354
39292
14379
41354
47848
9927
2796
11537
38762
21863
37856
21879
13436
39781
5183
27167
38039
44801
30149
47117
36441
47170
31733
33451
46093
34207
40404
16472
5555
27495
86
18038
10558
31849
14903
44053
11450
49302
4269
47819
23212
29293
42300
27801
47054
39643
23171
26402
12642
4350
50232
39462
33633
4150
26892
48630
5769
10598
22646
21166
44486
14681
5188
1305
49700
45928
40947
34325
20500
49129
143
49966
15060
15017
1979
29989
16695
12760
41620
37548
25927
23625
6652
12602
30877
31636
13257
10687
41087
5171
22271
12471
42421
23646
23489
34273
57
34643
29750
25466
39555
31243
35231
30193
30559
45016
38063
49564
21327
34155
18744
37728
7966
2935
29861
3258
43127
35202
30290
45455
1711
29174
26493
26634
26626
20044
10466
18190
9604
29704
37446
34782
9643
14744
12790
16223
2045
1043
44815
29271
35227
37656
12638
1915
11720
17125
23842
23292
42109
9152
24517
2094
49818
45825
26740
47921
49153
9603
28725
27621
32850
19213
39566
41241
41247
30154
8951
42589
31010
22484
17638
43809
36112
18500
537
38723
28392
39420
43063
17628
11300
37438
38341
39182
24195
25791
47844
22432
6701
41424
2484
47341
3355
14909
34120
30905
21292
6077
1434
1615
18476
50349
4748
19882
8822
39782
31786
27488
17778
6662
1729
28675
23688
15070
38005
49513
11983
15373
27588
19654
23577
3994
870
36432
18642
29027
5244
18395
20358
34839
26944
46915
28428
43756
38119
14522
29036
345
17647
44609
46072
10039
33930
22079
26036
14778
12265
35486
44864
46411
2807
49565
45553
23266
26183
46957
16844
18134
14537
29106
25111
31762
11907
3420
21814
1707
15217
4002
36512
7024
25056
6513
26873
8341
8817
15010
15490
42162
8718
34585
14574
21790
31653
485
43581
20016
35583
46294
43859
17083
13694
1898
25401
2746
32055
45909
24573
40548
21680
35472
242
44074
48186
25279
20925
16168
6887
47919
14869
15207
1129
27115
24850
4785
11713
31817
19607
22239
36301
12567
9699
13719
26674
37987
29578
37884
44115
27552
14562
48771
24681
16359
17660
7912
11837
46947
40890
34778
856
15864
26450
30180
9689
36686
42461
4287
23583
37974
28058
19409
17373
47458
4981
49414
26788
48243
17243
28309
14168
37055
2680
28949
21616
5624
667
36336
8659
38427
44354
7941
13736
15755
24763
36325
9848
9471
19925
12876
31363
1518
1900
16516
26058
36651
24899
10961
39575
12520
34918
30914
25828
12529
47561
41041
48478
13050
11127
11597
3879
30578
30134
15228
12241
34688
37347
44853
30109
27298
20978
26025
38264
20833
41837
21631
31209
44469
37336
29198
4373
36394
33084
37036
49256
42658
19081
28291
26823
24739
37685
35654
7930
34625
15298
11954
45320
42186
24974
49891
47007
4686
19016
10475
31781
46029
30223
37730
48214
10409
12973
3697
24009
44802
17935
1284
27716
10836
31905
21831
38066
10981
33837
5910
27827
39866
39795
2965
40600
22924
46063
50251
43299
3548
5198
1001
10986
48539
4410
33998
47676
9888
17003
2859
4938
23562
9002
18653
14312
45378
42030
42751
40680
34723
4386
42927
50305
38750
14323
23164
48505
4515
20363
52
21730
42821
27679
10385
19202
37663
46785
21197
21620
8342
2030
47993
17192
33868
2153
9160
1739
9597
13224
31699
14901
28037
48664
11482
35479
49143
38406
28363
28626
33042
10239
29457
41963
45986
40290
1435
46639
38686
12823
17971
47047
8213
40494
24231
38993
5316
30640
4438
28060
44293
18861
15707
46907
17931
42228
30562
986
40263
33909
9705
45079
38947
29777
23063
8198
33327
30897
25661
4294
5380
44875
23152
19608
39732
21152
24792
31584
8990
33336
11206
19253
5707
7302
14887
12372
32815
34262
39056
46927
460
19887
42798
376
36365
30861
29242
30772
46514
39768
33379
31061
13233
22818
37045
16392
4494
30400
39857
4385
39939
39297
2139
2808
2862
28136
11996
33107
46770
411
20272
9939
10318
31827
15416
1208
3840
37463
14667
33840
21832
920
28915
24565
9127
30430
11113
87
21787
12922
13958
21837
18294
30729
6268
5709
2270
45622
47098
13618
3506
48321
16210
33409
31995
26559
36494
49125
1094
46370
14436
19086
3490
27506
785
18194
20590
21278
4232
30980
25551
18991
13723
44861
2618
44174
19694
11587
227
4363
17035
27517
814
33346
48605
41853
10197
14431
22313
2142
40382
18690
13455
11705
2022
17629
23943
11147
15669
18300
37966
15227
42311
1876
34953
44160
37122
22210
31721
35771
23702
24999
7991
19296
39751
1382
22052
11926
9310
10222
31331
38523
44082
46479
19658
38560
48382
21958
18998
14258
6391
46753
31282
11390
23878
32528
4638
15519
33048
2787
8006
28696
11309
49764
535
11180
2641
20966
16952
16193
26245
15247
21215
10896
26899
39099
5463
534
31179
13275
38755
28021
29445
45353
28205
21307
48755
38595
9167
48845
16702
21582
32285
41319
40475
47584
27199
18451
31493
7792
35268
23886
49718
37181
43312
48503
20548
36617
27261
47489
36939
5461
33401
46346
26478
40659
18029
10487
16884
346
5462
39618
46729
21173
20715
8450
12944
32144
40278
14155
15686
20477
10233
33173
32402
42209
429
29363
20501
5584
43747
258
41260
34159
21912
19268
